1.775791169629223	5.706997763100488	0.1631786380378031
3.5526958594023146	5.599165296154182	-0.15659126962401862
5.329040751032404	40.063830964867414	-0.01543877567014182
7.105491374122246	5.807236019723333	0.1696797526733467
8.883664033518544	5.493424394471824	-0.15056682150325557
10.661692858774066	39.567942571823345	-0.026534688846499233
12.439877922869243	5.844381876852409	0.17315151265524456
14.220115479939414	5.433590793171868	-0.14819964406458008
16.000297768780197	39.47439378173455	-0.02843344976176039
17.780628281551692	5.798819106902143	0.17249010315777882
19.562926494156372	5.436034455477962	-0.15045103623133374
21.344961012746342	39.924841472313204	-0.02027466914215123
23.127100250934003	5.688649658545449	0.16780195690498548
24.91077571771805	5.503471780103024	-0.15653234872781188
26.693763880308165	40.364963485473446	-0.004687941337453115
28.476777104545402	5.5608824664404395	0.16054542789714593
30.26076029185886	5.619930740844784	-0.16414197811000766
32.04350429660561	40.20807438674612	0.012658041713606951
33.82618155444915	5.464040141033862	0.1533066144132852
35.60932462857919	5.746056622978518	-0.17045448248883027
37.39069663394914	39.66731105971332	0.025292134721671092
39.1719390986742	5.42660228018073	0.1488219554827277
40.953315058706345	5.830385593380514	-0.1733401851821063
42.732631149237704	39.44132825118379	0.02881667864347798
44.51179004951866	5.4547592706745	0.14876052686641694
46.29100473400864	5.836761979544909	-0.17198839407611552
48.068274868183146	39.78682125958052	0.022273016855587427
49.84540347803089	5.539086062682573	0.1530688415304931
51.62283412585183	5.765509375330811	-0.1668816771255037
53.39881009651353	40.25338508920622	0.008027314915569142
55.17472858715579	5.656851713191797	0.16008440457093445
56.951490748091764	5.649569971911274	-0.1596405371771466
58.7274466497147	40.23523846553057	-0.009000646004240912
60.50346672875096	5.77135835722365	0.1672627789926378
62.28097750631671	5.532891149289573	-0.15271774682001665
64.05820995630334	39.75625091039989	-0.02290952351683065
65.83558663099498	5.83872705008514	0.1721826148904937
67.61492634282313	5.451400565268698	-0.14863372328760535
69.39421424124957	39.437586076363914	-0.028895527053535573
71.17365866250358	5.827367496127617	0.17328640377203638
72.95515631154694	5.426974766931996	-0.14897203384553362
74.73650712451047	39.69664334045604	-0.0247728200055565
76.51798481952362	5.73928345784971	0.1701627915956758
78.30120673874876	5.468252412645424	-0.15368072153795748
80.08393709006245	40.23429075906351	-0.011708364861183384
81.86672932596025	5.612317024521156	0.16370307498780853
83.65072683502133	5.567953965985816	-0.16100114487176626
85.43372127003316	40.35274381639492	0.00572049979237952
87.21668515344163	5.497875381552254	0.15610402256732997
89.00030685381422	5.696155717840111	-0.16817017668983728
90.78236084562792	39.89093710151571	0.021003941743354942
92.5643065448258	5.434040142192179	0.15019608483597544
94.34649690627549	5.803668415104299	-0.17264763971308275
96.12670333456279	39.46247128798875	0.02860808540406742
97.9067600053152	5.435512954269434	0.14821202175728168
99.68686818745282	5.844461756091718	-0.1730562133631807
101.46493224046417	39.5911089773074	0.02611092328364287
103.24284107020198	5.498615661591219	0.15083766926949585
105.02090946674727	5.802712358009511	-0.16936454475571913
106.79728624525775	40.092179992417115	0.014568132255749046
108.57356256208026	5.6062546418325425	0.15701604538305763
110.3504318411252	5.699994168549078	-0.1627422288216835
112.12622656998322	40.31962618006237	-0.0020171826735843877
113.90203594313687	5.727329988168338	0.16444976237552988
115.6790739745324	5.578518173929216	-0.15536390573111372
117.45564572604741	39.97498648048677	-0.01790288500458931
119.23233737099483	5.8192355343811855	0.17055026848707266
121.01083509895066	5.479052647412717	-0.14984161716674854
122.78922860643337	39.50890091990988	-0.027596003508704604
124.56778024374185	5.842394375380866	0.17334712886915135
126.34840023570897	5.429272422738472	-0.14825882827537745
128.12894779003116	39.521983646213	-0.027705444640075495
129.90963837879755	5.783149149643909	0.17193841152145847
131.69224137253775	5.443280840475344	-0.15128644206886005
133.47451991806827	40.02461260726181	-0.017959712375713022
135.25689182715166	5.666074976063351	0.16665811620586812
137.04070414702963	5.52109760741596	-0.15783130981291138
138.82373910082566	40.38706729606094	-0.0015956021940133802
140.6067826041554	5.540597562978458	0.15919772853641118
142.3906995144499	5.642691142051054	-0.1654125975755264
144.17327711506664	40.12214693888263	0.015367958537742695
145.9557742528534	5.452797000982904	0.1522582701807032
147.73866450399993	5.765176582486156	-0.17124631318474917
149.51970938905842	39.588260961600696	0.02663728383485614
151.3006175637567	5.42689999042635	0.14847030734510036
153.08162485679486	5.837622318912565	-0.1734117146495378
154.86056134665682	39.46531756537041	0.02837271195843776
156.63933945500838	5.465910488922537	0.14922670633356436
158.41819195516112	5.829308235926256	-0.1713352328165462
160.1951625888233	39.879656909674274	0.020228080027756112
161.9720011972038	5.558096449170497	0.15416498664970774
163.74921839323775	5.747258921691641	-0.16570927562794247
165.52509074311232	40.2956517827287	0.005088662404858165
167.30092631769486	5.678316207372999	0.16140149864020653
169.07771852961991	5.628066517360551	-0.15833258596160227
170.85381251749072	40.1712283328911	-0.01181520858136842
172.62998951946352	5.7877270936537615	0.1683419750137749
174.40775999441416	5.515327213869798	-0.15173789389981565
176.18531595649216	39.66993983162757	-0.02462694724526189
177.96302262657198	5.842881487525103	0.17267745930849998
179.74273890609447	5.442610307101643	-0.14835224019435672
181.52240850558135	39.43973162365384	-0.028916924413571906
183.30223182724467	5.816854997325452	0.17303777624480582
185.0840803636441	5.429395575141319	-0.14950912502381106
186.865737424691	39.789580818343104	-0.023047615736361948
188.64751276988503	5.718473471901246	0.16922828319733899
190.43094819874585	5.481977529166984	-0.15484217085494284
192.2138124025066	40.30182711235094	-0.008805890680657706
193.99672341127848	5.59005683096522	0.16238032120066834
195.78073938625673	5.589502119831743	-0.16234583383097356
197.56365296144023	40.303340699013745	0.008729848862637429
199.34652013330924	5.482363713970908	0.15487275033452227
201.12996063186884	5.7179324619460745	-0.16920284011748266
202.91174329447753	39.7920615983142	0.022999765045607287
204.69340791492672	5.429486740306602	0.14952464132850832
206.4752652348446	5.816552369147157	-0.1730297061469828
208.255098234583	39.44004851709865	0.028913281930718848
210.03477759157093	5.442408856869621	0.14834687747306183
211.81450363248388	5.842950604259279	-0.17268863499333634
213.59221903326514	39.667830961065285	0.024667596906202252
215.36978358475668	5.514896444621024	0.15171393481380907
217.14756114254507	5.788125901224148	-0.16836864821637235
218.9237426780496	40.169400869178574	0.011885900738363842
220.69984073659427	5.627522044063632	0.1582991488123129
222.47663430666336	5.6788642856286975	-0.16143524181930335
224.25246831177887	40.29649825243391	-0.005012348992625331
226.02833854269275	5.746773219198028	0.16567841506047096
227.8055507527937	5.558591688776432	-0.15419423616372324
229.58238228776088	39.88205977181857	-0.020172591662690864
231.35934557168915	5.829086090364025	0.17131696196040924
233.13818896515005	5.466215957478855	-0.14924049196185496
234.91695735684155	39.46618076706843	-0.02835720823059549
236.69588413972662	5.837781222602641	0.1734116594701226
238.4768818310444	5.426932207740183	-0.1484631914993777
240.257781187162	39.586406367599935	-0.02666791879463922
242.03881742608658	5.765650243557961	0.17126509890983607
243.82170082139433	5.452522835330797	-0.1522328172741032
245.60419289311037	40.119802588078954	-0.015435280971170046
247.38676576807825	5.643271047601896	0.16544467442836677
249.1706805175623	5.540104017207825	-0.1591630284569659
250.95372429071648	40.38735000738781	0.0015158028238970531
252.73675994344572	5.521566169349028	0.15786521192197933
254.52057533517367	5.665479533953866	-0.16662802164180876
256.30295280558175	40.027133248527115	0.017897407918143416
258.08523722355216	5.443500803793285	0.1513092550704435
259.8678477378013	5.78272323513024	-0.17192259039080496
261.6485473912706	39.523436061415	0.027682646162822476
263.4291041622231	5.42919425440634	0.1482621376748529
265.2097339245231	5.842309147968234	-0.17335042257451272
266.9882951060227	39.50759015239822	0.027619344510158704
268.766698127398	5.478699085225658	0.14982467932347443
270.5452044941329	5.819508577149013	-0.17057144599936033
272.32190274217584	39.972634571815156	0.017963695745619245
274.09848076807907	5.577989402471976	0.15533324378187252
275.8755227672426	5.727846445208057	-0.1644817844981787
277.65133317196546	40.31927675724509	0.002094493407985591
279.42712837072486	5.699460754377036	0.1627088549350624
281.20399515675683	5.6067940871153334	-0.1570485994146853
282.98026642791166	40.09429481474667	-0.014501132221538317
284.7566377504841	5.802368436022805	0.1693399262604439
286.5346983302113	5.499021218899913	-0.15085872749784457
288.31259810374166	39.59293279240718	-0.026077350472877427
290.0906530106667	5.844459761365865	0.17304827153233782
291.8707513490463	5.4356656244621515	-0.14821368912762525
293.6507984245494	39.46165276317	-0.02861989722300008
295.43099536471465	5.804020606800602	0.17265918615347098
297.213177418828	5.433901280313486	-0.15017719679111058
298.99511623554355	39.88836189281958	-0.02105831136685917
300.77716360289867	5.696724344819429	0.16819779403829607
302.56078105921307	5.497451110443583	-0.15607178695894489
304.3437429239004	40.35171871486019	-0.0057987665179178825
306.1267357491431	5.568499848299612	0.1610357338687681
307.9107341848084	5.611730979144442	-0.163669676825897
309.6935299240902	40.236219698071935	0.011635441507951672
311.47626416136677	5.468586584739613	0.15370948466946946
313.25949193961816	5.73877191183892	-0.17013989276714728
315.04097756738236	39.6989228330106	0.02473198372989137
316.8223365207855	5.427011677130841	0.14898411428250763
318.6038433759913	5.827121161033392	-0.17328180802510135
320.3832975531782	39.43739306672741	0.028900051275139508
322.1625952664575	5.451149978821732	0.14862478124874273
323.94194454343375	5.838859240269422	-0.17219696578392732
325.71932942940646	39.75394885710533	0.022956806552872234
327.49656989855816	5.5324187632502815	0.15269156116912053
329.274086933007	5.7718047711366705	-0.16729127615529593
331.0501105520155	40.233782021846594	0.009074264339020296
332.8260694964928	5.649014147618043	0.15960683565583217
334.60283186166635	5.657408093873271	-0.16011815455627174
336.37874770011996	40.254689093151526	-0.007952830577215646
338.15472050020225	5.765061644792683	0.16685227534383873
339.93214521168613	5.539562176323506	-0.15309596423955477
341.7092660410126	39.78916897691487	-0.022223448525045097
343.48652817567483	5.8365961434549956	0.17197317089406444
345.26573340250235	5.455015668642348	-0.14877095515740305
347.0448824878691	39.44170418867465	-0.028809205996104207
348.8241888132995	5.830595779430293	0.17334383493214234
350.60555545108735	5.426590729299223	-0.14881104948286486
352.3867895757922	39.66512899663668	-0.02533031862513386
354.1681534424897	5.746554996378451	0.17047641543591271
355.95129038208563	5.463715989931222	-0.15327878008666723
357.7339634326376	40.20601637515142	-0.012729620709616805
359.51670359948	5.620517568642466	0.16417506687408062
361.3006855301599	5.5603430952207	-0.1605108635414682
363.08370000992767	40.365797009301794	0.004609095159416362
364.8666898424575	5.503910120472449	0.15656506966838513
366.6503692445379	5.688074027717621	-0.16777359381080714
368.43251483728886	39.9274229092684	0.020218071917403532
370.21455597896653	5.436196565740821	0.15047098505109754
371.9968623055603	5.798450909268521	-0.1724772971754885
373.77720221019456	39.47538836256704	0.028418687613392814
375.55739401914275	5.433465006089239	0.1481991688086947
377.3376414128944	5.8443679132605215	-0.1731580687976042
379.11583574800164	39.56624311690457	0.02656559641570848
380.89387377451277	5.493043528225824	0.15054660092007988
382.67205448265497	5.807573214554188	-0.1697032522558439
384.4485108852661	40.061634827952346	0.015504253591649373
386.22486116233426	5.5986250751465665	0.1565592074299573
388.0017687522262	5.707524191900138	-0.163211789774777
389.777559847861	40.32316318787248	-0.0009225356090628943
391.55335765591434	5.720040119137112	0.16399241884362942
393.33034242431455	5.585951624083787	-0.15580338791208323
395.106827839662	40.007929493025294	-0.017029353196856584
396.883428259595	5.815127315011471	0.17024558743375867
398.66180534673737	5.484097634837622	-0.15009104105845436
400.4400650483465	39.52857270326905	-0.02724479605649599
402.21848239000184	5.843415803092224	0.1732912805573126
403.99896385546265	5.430631135864414	-0.1482201830468291
405.7793801489596	39.50264786531063	-0.02800594390756738
407.5599414737999	5.789059778254973	0.17215310207668966
409.342436491457	5.440420321686295	-0.1509696855047
411.1246298462586	39.98868140806995	-0.01882583142568282
412.9069208282714	5.6743149854484	0.16708208897516713
414.69068739154363	5.5145295742219735	-0.15735507181838318
416.47370972692795	40.381530387126105	-0.002722508205010051
418.25674664360776	5.547831512878535	0.15968606307209138
420.04069172161616	5.634409819594052	-0.16495691153378583
421.8233337332786	40.154618104084676	0.014403348313324413
423.6059001341705	5.456652812092302	0.15262813244945106
425.3888854104763	5.758397981842577	-0.1709719289747018
427.17005134356145	39.615473303095364	0.026182949253479266
428.9510830580186	5.426551264390476	0.1485817085522964
430.73222542750847	5.835296382400311	-0.17340089300253703
432.5112994616988	39.45441595335684	0.028570059940491707
434.29021538480237	5.461655162777206	0.14904209060168802
436.06919777826613	5.832273318370796	-0.17158595740058832
437.84627420375375	39.84571763361009	0.0209971303842258
439.6232148853319	5.55108566232791	0.15375791960341958
441.40050531232595	5.754023860769271	-0.166142142848059
443.1764105357454	40.28237632460048	0.006163732521214556
444.9522713365902	5.6705375282730754	0.16092387103648526
446.7290474614989	5.635862985232348	-0.15880537772575937
448.5050866665723	40.19613054092599	-0.010806608513330075
450.2812022456668	5.781957829873524	0.16795930141053278
452.0588747261829	5.521562444356327	-0.15208267463642752
453.83631065399936	39.700391034034276	-0.02403334498267631
455.6138951869791	5.8416523346614	0.17251223111783223
457.39347388582024	5.445577693005532	-0.14843834457973837
459.17300516438587	39.436654458481286	-0.028945950804154536
460.95269131846743	5.820948058011147	0.17314319638393694
462.73441427780716	5.428281902911214	-0.14929850562609864
464.51596283683506	39.75494528924946	-0.023705527272078652
466.2976329203043	5.726155702556287	0.16957912713705392
468.08099438237446	5.476788990518117	-0.1544117877774701
469.8638141120757	40.27919091205283	-0.009873627639862983
471.6466862205331	5.598062441310665	0.16286408752438572
473.43069965101796	5.581588772060525	-0.16185916638102324
475.21364690721845	40.32347242442271	0.007647387577047947
476.9965534403129	5.487798452692767	0.1553127491022341
478.7800634558835	5.7101181020228955	-0.16883845398501254
480.56194775429543	39.82751800336505	0.022304578018225923
482.3437174107327	5.430903322942181	0.14975359406401148
484.1256978482988	5.812132764343448	-0.17290590669359204
485.9056672619259	39.445924833331915	0.028839278624121924
487.6854843341214	5.439672811016523	0.14828151638413148
489.4653487357575	5.843801987455928	-0.17283663268249638
491.24318882881977	39.63870383817778	0.0252234519299735
493.02087625488804	5.508833315824237	0.1513835034380163
494.7987561131545	5.793622940690704	-0.16874042749735071
496.57500435134517	40.142675108478734	0.01287627502904904
498.35116271215657	5.6197670635585215	0.15782959181813394
500.1279786726848	5.686577819891213	-0.1619118732716614
501.90379346388966	40.307130934324576	-0.003929495067872739
503.6796367145886	5.73982189575187	0.16523827201078714
505.45678111732616	5.565734807918114	-0.15461130225758296
507.2335147241826	39.916012237830586	-0.01937258596238223
509.0103760491037	5.825751494992768	0.17105146169516483
510.7890918455957	5.470682013857742	-0.149444089009404
512.5677232164467	39.479667955612335	-0.02811617284089972
514.3465130622595	5.839736875315111	0.17340393761034661
516.1273744407708	5.4275533994256016	-0.14837223719032194
517.9081478415085	39.561214622845846	-0.027079885156313408
519.6890604804487	5.772196592485763	0.1715233529571798
521.4718450508037	5.448943410631791	-0.15187698605803115
523.2542632605204	40.08605379968322	-0.01637433864360494
525.0367669648244	5.651555734189388	0.1658925399344295
526.8206485666735	5.533052348316868	-0.15867677364411256
528.6036935439645	40.389794834507896	0.00038626998990713316
530.3867364516359	5.528329380233096	0.158346040714681
532.1705927378467	5.657213106025211	-0.1661941237515187
533.9530466515212	40.06240834575122	0.01700174128010833
535.7354119495386	5.446644145130372	0.15164165041329875
537.5181269899911	5.776545103473321	-0.17169093607758507
539.298953862535	39.545151196904136	0.027338439244397796
541.0796399686036	5.428118972471836	0.14832120961845308
542.8604075957012	5.840904168561408	-0.17338803129153826
544.6391042758661	39.49023292917674	0.027928143894723263
546.4176425566031	5.4738669709664025	0.14959288253741873
548.1962724536133	5.823336110657405	-0.17086093921264972
549.9730662351325	39.93912142223566	0.018809720823578915
551.7497352509519	5.570685716672746	0.1549013894225008
553.5268362562842	5.735015490996818	-0.1649329995291561
555.302664265134	40.31294294431102	0.003185970710173721
557.0784691582722	5.691834142448206	0.1622362457070627
558.8553037850165	5.6144641050252275	-0.15751135492847407
560.6315062902322	40.12351212001219	-0.01354268290885382
562.4078028895667	5.797271107523118	0.16898751752152438
564.185754865627	5.504788439057797	-0.15116557545645826
565.9635277306172	39.619595225076765	-0.02558268459741415
567.7414543409842	5.844169053589027	0.17292866332631007
569.5214136237196	5.437959595943524	-0.14824747485531511
571.3013243837851	39.4514339011004	-0.028764534664836472
573.0813865351087	5.808939081877005	0.17281150318471705
574.8634497157699	5.432030397902746	-0.14991983460681368
576.6452892404168	39.85208716375751	-0.021809866407809197
578.4272409890476	5.704713734248693	0.16858234864110092
580.2107960915398	5.491643375823634	-0.15561828446703288
581.9937267535186	40.33581799946158	-0.006900467684296665
583.7766942032715	5.576237175067454	0.16152531496665484
585.5607031628555	5.603586201483903	-0.1631926343449431
587.3435459016595	40.26244972397259	0.010594670884464372
589.1263325141924	5.473376080757569	0.15412316645233076
590.9096410686635	5.731327741587891	-0.16981143273057878
592.6912373286641	39.73181691506771	0.024134724216490305
594.4727099262958	5.427677181641893	0.1491646754109609
596.2543458225226	5.823563932950728	-0.17320537891805013
598.0339379133328	39.436059609046325	0.02894163714858338
599.8133744420476	5.447759708986002	0.1485076903413577
601.5928596047515	5.840645360763	-0.1723893953138591
603.3703621376536	39.72182447978632	0.023607762774773205
605.1477176809733	5.52592707732171	0.1523255108881045
606.9253255555222	5.777920892664799	-0.16769112608506478
608.7014020487252	40.21209123854627	0.010108165964402381
610.4774068498747	5.641210927082627	0.15912987863734535
612.2541753487918	5.665220044472142	-0.16059663981204292
614.0300566124847	40.271924513028054	-0.006893575815765904
615.8059874273187	5.758570462773086	0.1664331816911917
617.5833307396521	5.546349490308474	-0.15348577522972442
619.3603433505687	39.8226312265358	-0.021505585245094154
621.1374940675513	5.83414693509431	0.17174815938199595
622.9165663366507	5.458898588155945	-0.14892558666012853
624.6955767963473	39.44839044625058	-0.028681297128044087
626.4747450699805	5.833505375566618	0.17338361149516848
628.255979012363	5.42646003286858	-0.14866876013722483
630.0370937765263	39.63508239341406	-0.025849925793027147
631.8183409898821	5.753653062500508	0.17077574007860322
633.6013891215852	5.459435707191769	-0.15288816910237576
635.3840003467383	40.176018328472075	-0.013731037474378916
637.1666837821286	5.628759358036056	0.16464156140038022
638.9506454256674	5.552863955006411	-0.16002066595426515
640.7336749478311	40.37610258542265	0.0034904318420289704
642.5166857858055	5.510150032313588	0.15703239970469293
644.3004184829473	5.679921723257807	-0.16736631932406812
646.0826517968615	39.963884266454265	0.019401304261282545
647.8647846596482	5.438615326242922	0.1507618892833958
649.6472040859795	5.792961375952231	-0.17229036471517048
651.4276760514065	39.49076325955366	0.028187674196355855
653.2080016895445	5.431694358659491	0.14820507738440622
654.988388219747	5.843902388018334	-0.17324345743250408
656.766714509214	39.543202293253806	0.026982224507658845
658.5448836115819	5.487669994259641	0.15027054428450531
660.3231799131731	5.812146267261165	-0.1700299556969168
662.0997203930697	40.03003669359235	0.016418139714606192
663.8761493713283	5.591051546730933	0.15610844958826123
665.6531009021986	5.715004167737935	-0.1636767259719437
667.4288940415755	40.32406571000524	0.00017344000879501923
669.2046859253753	5.712656066174616	0.16352986355167234
670.9816229342738	5.593451299235944	-0.15625020590693225
672.7580265098331	40.04013902475391	-0.016131416140152652
674.5345399094331	5.8107112020068294	0.16992831615437334
676.3127992963691	5.4893440556145	-0.15035633900191794
678.0909267194111	39.550287858282566	-0.026854531774785518
679.8692110798014	5.8440899204305445	0.17321822386401822
681.6495536068087	5.432221651696811	-0.1482012288225987
683.4298370409061	39.485635838973764	-0.02826526801615329
685.210267378407	5.7947285661936165	0.17235127846779558
686.9926513321714	5.437821759452929	-0.15066812227639176
688.7747555782229	39.95236133851005	-0.019663050272118666
690.5569615590458	5.682507770646191	0.16749634067848457
692.3406778707033	5.508153831692954	-0.15688386913579114
694.1236825974021	40.373142863191376	-0.0038451223226728176
695.9067079012399	5.555214776347786	0.16017576114564666
697.6906764736897	5.626147648286729	-0.1644945682264974
699.4733783617494	40.18568663818681	0.013416368081594555
701.2560096359686	5.460761668726783	0.15301053007214524
703.0390862799763	5.751426783960297	-0.17068257683850308
704.8203707062127	39.64442186598451	0.025689631022045703
706.6015235210327	5.426475488428035	0.14871172667534957
708.3827996294549	5.832620918001852	-0.17337290103331668
710.1620115740609	39.445999290979266	0.028726259515085388
711.9410658736261	5.457650163413618	0.14887461666342533
713.7201800355109	5.834962055411429	-0.17182090339351888
715.49736566452	39.81199447282206	0.021736136966627188
717.2744121347245	5.544179433554091	0.15336139182026048
719.0517807060173	5.760634299280768	-0.1665669302774618
720.8277242245953	40.2667165473151	0.0072299325296983
722.6036158369056	5.662738259084989	0.16044543917159595
724.3803817550823	5.643688138515409	-0.15928045577444203
726.1563714590898	40.21917351420403	-0.00978247931636552
727.9324306674785	5.776006484779547	0.1675656570830702
729.7100093173118	5.527973802752451	-0.15243987103835502
731.4873281068869	39.73189810952465	-0.023405369811013172
733.2647931071475	5.840120522378057	0.17233011873314627
735.0442351368405	5.448812323436125	-0.14854264755772878
736.823627752259	39.43619919812917	-0.028933005439452895
738.6031762306682	5.824722244406868	0.17323148687734938
740.3847715000884	5.42743903664037	-0.14910555685305044
742.166208450894	39.72127958448671	-0.02432769939364564
743.9477700325875	5.733701171136957	0.16991682598586935
745.7310534545577	5.471835778818446	-0.1539910964520109
747.5138239952544	40.25436643736695	-0.010925901873308825
749.2966523758871	5.606155516581001	0.16334409820806448
751.0806585178939	5.573776220543533	-0.16137050849461065
752.8636345339781	40.34113093605218	0.006552915428945942
754.6465755983833	5.493456881974126	0.15576101119743618
756.4301508996731	5.702195136621209	-0.16846191244725453
758.2121333050557	39.86353168612052	0.021575564996226853
759.9940046324067	5.4325947248335735	0.14999946004900258
761.7761057166285	5.807413150453153	-0.17276513732386864
763.5562106432126	39.45439202806404	0.028723293345299532
765.3361646460751	5.437210913041682	0.14823463598617992
767.1161679048517	5.844298078609224	-0.1729683365000487
768.8941349051493	39.610985607420794	0.025743220752778875
770.6719476917405	5.502931200176876	0.15106715542488658
772.4499336508417	5.798910293137757	-0.16910033206775138
774.2262533872554	40.114411626227316	0.01384816141341907
776.0024771121072	5.61203687493034	0.15736428475196237
777.7793213034082	5.694242013321746	-0.16238637713058937
779.5551225131763	40.31522767595449	-0.002840983837742347
781.3309443502999	5.732754618289811	0.16479097870387552
783.1080261049724	5.572996131319796	-0.15503698554317033
784.8846658635174	39.94977183545665	-0.018544844949391175
786.6614289888656	5.822162622849477	0.17077069140203924
788.4400195105999	5.475380520852095	-0.14966431477286835
790.2185148571855	39.49548511425819	-0.027834737133546637
791.9971685481942	5.841388762633294	0.17337794775484644
793.777892625624	5.428421306341051	-0.1483006266277784
795.5585380093876	39.53804586871075	-0.02745175724432493
797.3393248392485	5.778527077299214	0.1717659300132881
799.1220071584404	5.445622217729333	-0.1515348905178614
800.9043473036799	40.05132546642041	-0.017288084816466036
802.6867774844932	5.659831880854977	0.16633237613351298
804.4706213245687	5.526169050160358	-0.15819348008274203
806.2536624788837	40.389334827026836	-0.0007438720976378596
808.0367076189675	5.53526716166446	0.15883034930688322
809.8206002112443	5.648933061227475	-0.16575167103304367
811.6031262807312	40.09684942075701	0.016079836970232728
813.3855683232143	5.45004690963175	0.15198815974358473
815.168384543825	5.770150003683424	-0.17144325816883832
816.9493365447953	39.56897362356923	0.026953827985265442
818.7301500384173	5.42733066727588	0.1483989229365192
820.5110546657118	5.839156246754023	-0.17340823879769818
822.2898877740628	39.475143544124435	0.028196839886214766
824.0685624083847	5.469252051762747	0.1493776788045597
825.8473183382615	5.826845019823909	-0.17113692460125465
827.6242115355155	39.90527914683514	0.01962881002624524
829.4009757002876	5.563472078272183	0.1544781382960507
831.1781409997265	5.742035725988489	-0.1653783453579601
832.9539921974203	40.304037834721704	0.004272860701439171
834.7298124532023	5.684130141762729	0.16176147177304137
836.5066207088064	5.62221343404129	-0.15797787170993793
838.2827594268726	40.1513068706264	-0.012564794454961186
840.0589860244039	5.791904063368714	0.16862406508392838
841.8368330961475	5.510720832470437	-0.15148684474342633
843.614481358949	39.64777662130947	-0.025051412009604836
845.3922817451378	5.8435734627685525	0.1727914945275262
847.1721022938895	5.440516971508055	-0.14830006245767893
848.9518758619766	39.44378326586175	-0.02886724050763479
850.7318021950277	5.813564274385545	0.17294692497575512
852.51374392948	5.430420979822589	-0.1496793738901477
854.2954807046997	39.81622765279411	-0.022528281747052778
856.0773332150625	5.712603948673321	0.1689550949630737
857.8608216851939	5.486055107016594	-0.15517256062585075
859.6437162821088	40.317363668938405	-0.007991322409550685
861.4266534103989	5.5840831859190905	0.16201341758135
863.2106681584924	5.5955187006010085	-0.16271137157127133
864.9935531024646	40.28659834053945	0.009537326549056176
866.7763874184428	5.478404230042054	0.15454699946425915
868.55977273304	5.723737567201635	-0.16946952433791773
870.3414764850836	39.76581055484993	0.023501149119421087
872.1230597227651	5.428601355731	0.14936332962111046
873.9048226595598	5.819687208221277	-0.17311167723407922
875.6845522852187	39.437344799724244	0.028941307447679702
877.4641273817876	5.4446176938253155	0.1484089676582431
879.2437495275751	5.842073921078333	-0.17256636442638873
881.0213724442101	39.6906320581552	0.024224955286727943
882.798846053856	5.519580537593033	0.15197198962691208
884.5765490964689	5.783807952514356	-0.16808152579916924
886.3526835796657	40.1884442343168	0.011127538331258098
888.1287395550596	5.633404049277356	0.15865523435053108
889.9055201265794	5.672994491391333	-0.1610752980831645
891.6813723469712	40.2868398677135	-0.0058244024531502415
893.4572665705751	5.751888038869158	0.1660062393415276
895.2345332973172	5.553284447744203	-0.15388580306311528
897.0114412610712	39.85644377595514	-0.020756955269904776
898.7884838276865	5.831375080333175	0.1715080742035929
900.5674248963552	5.462970660601215	-0.14909875758733562
902.3462971445249	39.45760024914012	-0.02851204305633121
904.1253276033057	5.836070067657511	0.17340618278963263
905.9064273621826	5.426635478183996	-0.1485443715114223
907.6874202369055	39.60666671054753	-0.026330972309521763
909.4685481310124	5.76056640167133	0.17106035578302528
911.2515037264951	5.4554063851930445	-0.1525096774401356
913.0340486795686	40.14448415073399	-0.014711097449164174
914.8166707947609	5.637029325919953	0.16510186505775956
916.6006074619237	5.54552710681956	-0.15953131207554566
918.38364700769	40.383593173123685	0.0023662679494345987
920.166673877612	5.51658763609532	0.1575052738287494
921.9504554089427	5.671712719195094	-0.16694892261776736
923.7327724469388	40.00010447555778	0.01855480672032491
925.5149931903052	5.441296375233486	0.15106832340448326
927.2975227170077	5.78721363921715	-0.1720869650330866
929.0781251446219	39.50851975194227	0.02791528632753253
930.8585831607842	5.430175408165434	0.1482302956396942
932.639108516982	5.8431329661964835	-0.17331075672955704
934.4175682239992	39.52212083412145	0.02736018967083213
936.1958701109758	5.482463665779579	0.15001066288630352
937.9742850747186	5.816453108304327	-0.17034356001785816
939.7509139128254	39.99757437123596	0.017308490024024837
941.5274261786199	5.583591526065053	0.1556634892252199
943.304427204464	5.722369637349093	-0.1641374941630046
945.0802280631001	40.322328155472455	0.0012691658505218015
946.8560196889186	5.705161141240128	0.1630633439288523
948.6329145450499	5.601015342462015	-0.15670352767067133
950.4092409002654	40.071423298894004	-0.015210351060195495
952.1856716213415	5.806070148628494	0.16959724681022317
953.9638164197567	5.494794430311055	-0.1506369428064167
955.741813346143	39.57392111995864	-0.02642579470977553
957.5199662637677	5.844438189077103	0.17312760193668736
959.3001695983672	5.43408985054688	-0.14820108615607502
961.0803187751221	39.47103200629434	-0.028483135380978748
962.8606165843452	5.8001327910799025	0.17253298826997746
964.6428865165284	5.435485502401045	-0.15038224243603385
966.4248978506065	39.915869322993	-0.02047016383713008
968.2070148696232	5.690639431872744	0.16790028820393554
969.9906764854578	5.501978169478193	-0.1564184457875136
971.7736586387523	40.36195990104268	-0.004961678068036839
973.5566673153552	5.5627370432843835	0.16066606189681248
975.3406546863035	5.617917818494427	-0.16402625202397222
977.1234118381143	40.215159120286	0.012408506973302674
978.906103513913	5.465126713645689	0.15340473206122915
980.6892677651031	5.744273810642068	-0.17037865542990682
982.4706679675953	39.67495107949828	0.02515795751613303
984.2519393171717	5.426685102906375	0.14885997836597709
986.0333476029664	5.82960285342541	-0.17332768975431426
987.812697635611	39.4401211752949	0.028841031037223283
989.5918906310432	5.453846020415506	0.1487255639247147
991.3711382685309	5.837292899670442	-0.17204141771384826
993.1484363230531	39.778683860873464	0.02244404903303737
994.9255921236985	5.537433022524834	0.15297509363118805
996.7030435714446	5.767083576477039	-0.16698297182096425
998.4790307607641	40.24876784190115	0.008285730858581346
1000.254958693847	5.654935014726057	0.15996677925136477
1002.0317203408272	5.651506274998676	-0.1597576269462749
1003.8076659006445	40.24021765252369	-0.008744287396873376
1005.5836738712196	5.769842484707683	0.16716244546168668
1007.3611630681968	5.534512594785475	-0.15280972245387178
1009.1383677918186	39.76427979898778	-0.02274392048967989
1010.9157160378271	5.838216448684624	0.17213296764387925
1012.6950225775898	5.452261289254659	-0.1486658693222031
1014.4742763499803	39.43835783103834	-0.028878178944289686
1016.2536868364406	5.828191556554263	0.17330211825704933
1018.0351524634145	5.4268540227432025	-0.1489308029077455
1019.8164748522236	39.68877201084444	-0.024913298510292625
1021.5979248389752	5.74109632665796	0.17024094104699028
1023.3811262321057	5.467122626085049	-0.15358076773398827
1025.1638429327418	40.22751165962034	-0.011961093286128884
1026.9466228090243	5.6143193917515495	0.1638197110844234
1028.7306169302617	5.5660759438682	-0.16088061034436832
1030.5136167499672	40.35620224225471	0.0054481396616620666
1032.2965874692882	5.499332794726841	0.15621682481126242
1034.080223756643	5.694177411880383	-0.16807372604395762
1035.862300608281	39.89989409893388	0.020813739102103167
1037.6442701057867	5.434547942959222	0.15026209490557854
1039.4264892188928	5.802403509133652	-0.17260750975028794
1041.2067285699613	39.46541445015603	0.028565408745577812
1042.986818566083	5.434984293933208	0.14820712424514174
1044.76696095295	5.8444756674536205	-0.17308270607100104
1046.5450568554475	39.58483633647189	0.02622614965373018
1048.322997251635	5.497237377614025	0.15076459840993794
1050.1010929275885	5.80394466688836	-0.16944862178469186
1051.877488857798	40.084780680621485	0.014800172927559066
1053.6537829090257	5.604359802827559	0.15690355912721377
1055.4306610774902	5.701860101192572	-0.16285777453720301
1057.2064543814654	40.3207389077325	-0.0017483818479081207
1058.9822603917278	5.72556058438942	0.1643376196037391
1060.759284817975	5.580338489232605	-0.155471192288671
1062.535834954057	39.98313988810702	-0.01769054441484105
1064.3125037933332	5.818246701633775	0.17047675846387864
1066.090971620864	5.480257013072824	-0.14990173117138483
1067.8693321127428	39.51353953556241	-0.027513343797677305
1069.6478506381193	5.8426770755765025	0.173335015303763
1071.4284366344457	5.4295908614035255	-0.14824739409867027
1073.2089520888503	39.517021351234696	-0.027783090825489312
1074.9896110751988	5.784629995675135	0.17199254682442597
1076.7721878340387	5.442560859754111	-0.1512070819919197
1078.5544458112454	40.0158305966843	-0.018175172255383672
1080.3367982122293	5.668091314554638	0.1667634320403105
1082.1205997147913	5.519463094045688	-0.1577139065545721
1083.9036320268463	40.385973057283714	-0.0018728409243932577
1085.6866743710336	5.542370408075217	0.1593173779403469
1087.4705986442023	5.640648771732144	-0.16530139389994888
1089.2531924873617	40.130245987723114	0.015133057955271263
1091.0357070417379	5.4537101559917645	0.15234817188774868
1092.8186209797375	5.763535342185839	-0.1711801599616011
1094.5996958459637	39.59477928865056	0.026529275850402906
1096.3806346007366	5.426785936577851	0.14849600874396574
1098.161675201229	5.8370891957779	-0.17341051658543497
1099.9406454465654	39.46241209003015	0.028425006797899048
1101.719457365986	5.4648350675173765	0.14917989337213897
1103.4983415996733	5.830066480598284	-0.1713981978377881
1105.2753379018814	39.87130721515333	0.020419800032343356